HR+D2240_1:101		
187.325	-12.62	
187.797	-12.62	
188.269	-12.62	
188.742	-9.62	
189.214	-23.62	
189.686	-11.62	
190.158	-9.62	
190.63	-3.62	
191.103	-11.62	
191.575	-7.62	
192.047	-2.62	
192.519	6.38	
192.991	-4.62	
193.463	6.38	
193.935	21.38	
194.407	20.38	
194.879	9.38	
195.351	33.38	
195.823	20.38	
196.294	26.38	
196.766	30.38	
197.238	37.38	
197.71	26.38	
198.182	42.38	
198.654	34.38	
199.125	47.38	
199.597	53.38	
200.069	57.38	
200.541	67.38	
201.012	60.38	
201.484	65.38	
201.955	70.38	
202.427	68.38	
202.899	61.38	
203.37	63.38	
203.842	65.38	
204.313	64.38	
204.785	80.38	
205.256	77.38	
205.728	62.38	
206.199	68.38	
206.67	87.38	
207.142	66.38	
207.613	86.38	
208.085	68.38	
208.556	60.38	
209.027	70.38	
209.498	116.38	
209.97	77.38	
210.441	87.38	
210.912	162.38	
211.383	93.38	
211.854	74.38	
212.326	65.38	
212.797	82.38	
213.268	69.38	
213.739	72.38	
214.21	62.38	
214.681	70.38	
215.152	67.38	
215.623	70.38	
216.094	74.38	
216.565	58.38	
217.036	65.38	
217.507	63.38	
217.978	65.38	
218.448	70.38	
218.919	52.38	
219.39	59.38	
219.861	64.38	
220.332	69.38	
220.802	61.38	
221.273	61.38	
221.744	77.38	
222.214	77.38	
222.685	69.38	
223.156	71.38	
223.626	79.38	
224.097	65.38	
224.567	64.38	
225.038	65.38	
225.509	71.38	
225.979	70.38	
226.45	51.38	
226.92	62.38	
227.39	77.38	
227.861	71.38	
228.331	53.38	
228.802	63.38	
229.272	69.38	
229.742	72.38	
230.213	53.38	
230.683	63.38	
231.153	74.38	
231.623	77.38	
232.093	58.38	
232.564	64.38	
233.034	70.38	
233.504	75.38	
233.974	62.38	
234.444	72.38	
234.914	56.38	
235.384	78.38	
235.854	80.38	
236.324	78.38	
236.794	71.38	
237.264	59.38	
237.734	64.38	
238.204	75.38	
238.674	92.38	
239.144	87.38	
239.614	78.38	
240.084	76.38	
240.553	75.38	
241.023	70.38	
241.493	81.38	
241.963	67.38	
242.432	64.38	
242.902	73.38	
243.372	63.38	
243.841	73.38	
244.311	71.38	
244.781	77.38	
245.25	62.38	
245.72	60.38	
246.189	80.38	
246.659	83.38	
247.128	70.38	
247.598	55.38	
248.067	73.38	
248.537	62.38	
249.006	84.38	
249.475	64.38	
249.945	63.38	
250.414	62.38	
250.883	72.38	
251.353	63.38	
251.822	65.38	
252.291	87.38	
252.76	54.38	
253.23	67.38	
253.699	62.38	
254.168	86.38	
254.637	66.38	
255.106	49.38	
255.575	80.38	
256.044	65.38	
256.513	78.38	
256.982	75.38	
257.451	79.38	
257.92	63.38	
258.389	77.38	
258.858	71.38	
259.327	73.38	
259.796	63.38	
260.265	74.38	
260.734	82.38	
261.203	61.38	
261.671	61.38	
262.14	62.38	
262.609	67.38	
263.078	64.38	
263.546	56.38	
264.015	64.38	
264.484	69.38	
264.952	81.38	
265.421	79.38	
265.889	90.38	
266.358	87.38	
266.827	60.38	
267.295	58.38	
267.764	66.38	
268.232	63.38	
268.701	74.38	
269.169	66.38	
269.637	62.38	
270.106	66.38	
270.574	80.38	
271.042	60.38	
271.511	75.38	
271.979	83.38	
272.447	70.38	
272.916	62.38	
273.384	64.38	
273.852	68.38	
274.32	74.38	
274.788	58.38	
275.257	92.38	
275.725	77.38	
276.193	65.38	
276.661	75.38	
277.129	75.38	
277.597	72.38	
278.065	64.38	
278.533	67.38	
279.001	61.38	
279.469	71.38	
279.937	59.38	
280.405	61.38	
280.872	64.38	
281.34	69.38	
281.808	83.38	
282.276	73.38	
282.744	75.38	
283.211	81.38	
283.679	69.38	
284.147	79.38	
284.615	80.38	
285.082	72.38	
285.55	65.38	
286.017	61.38	
286.485	70.38	
286.953	81.38	
287.42	68.38	
287.888	69.38	
288.355	69.38	
288.823	87.38	
289.29	83.38	
289.758	64.38	
290.225	82.38	
290.692	65.38	
291.16	80.38	
291.627	77.38	
292.094	79.38	
292.562	73.38	
293.029	80.38	
293.496	63.38	
293.963	50.38	
294.431	53.38	
294.898	83.38	
295.365	62.38	
295.832	73.38	
296.299	79.38	
296.766	59.38	
297.233	59.38	
297.7	78.38	
298.167	62.38	
298.634	78.38	
299.101	71.38	
299.568	75.38	
300.035	85.38	
300.502	66.38	
300.969	70.38	
301.436	67.38	
301.903	63.38	
302.37	68.38	
302.836	75.38	
303.303	76.38	
303.77	61.38	
304.237	83.38	
304.703	80.38	
305.17	87.38	
305.637	75.38	
306.103	59.38	
306.57	62.38	
307.036	67.38	
307.503	65.38	
307.97	66.38	
308.436	70.38	
308.903	82.38	
309.369	68.38	
309.836	71.38	
310.302	80.38	
310.768	72.38	
311.235	55.38	
311.701	79.38	
312.167	76.38	
312.634	77.38	
313.1	72.38	
313.566	77.38	
314.032	71.38	
314.499	65.38	
314.965	72.38	
315.431	70.38	
315.897	74.38	
316.363	68.38	
316.829	70.38	
317.296	78.38	
317.762	79.38	
318.228	71.38	
318.694	99.38	
319.16	92.38	
319.626	72.38	
320.092	80.38	
320.557	84.38	
321.023	70.38	
321.489	82.38	
321.955	82.38	
322.421	71.38	
322.887	83.38	
323.352	76.38	
323.818	66.38	
324.284	72.38	
324.75	65.38	
325.215	61.38	
325.681	102.38	
326.147	77.38	
326.612	53.38	
327.078	83.38	
327.543	82.38	
328.009	90.38	
328.474	62.38	
328.94	71.38	
329.405	64.38	
329.871	77.38	
330.336	67.38	
330.802	68.38	
331.267	77.38	
331.733	67.38	
332.198	67.38	
332.663	64.38	
333.128	79.38	
333.594	65.38	
334.059	76.38	
334.524	80.38	
334.989	79.38	
335.455	79.38	
335.92	75.38	
336.385	85.38	
336.85	68.38	
337.315	93.38	
337.78	85.38	
338.245	80.38	
338.71	76.38	
339.175	78.38	
339.64	70.38	
340.105	74.38	
340.57	60.38	
341.035	83.38	
341.5	59.38	
341.965	56.38	
342.429	79.38	
342.894	75.38	
343.359	76.38	
343.824	81.38	
344.289	68.38	
344.753	82.38	
345.218	77.38	
345.683	74.38	
346.147	77.38	
346.612	76.38	
347.076	64.38	
347.541	93.38	
348.006	77.38	
348.47	71.38	
348.935	67.38	
349.399	58.38	
349.864	81.38	
350.328	77.38	
350.792	83.38	
351.257	78.38	
351.721	77.38	
352.185	64.38	
352.65	64.38	
353.114	74.38	
353.578	74.38	
354.043	78.38	
354.507	86.38	
354.971	87.38	
355.435	73.38	
355.899	81.38	
356.363	73.38	
356.828	92.38	
357.292	91.38	
357.756	69.38	
358.22	69.38	
358.684	64.38	
359.148	85.38	
359.612	87.38	
360.076	75.38	
360.539	74.38	
361.003	90.38	
361.467	68.38	
361.931	61.38	
362.395	61.38	
362.859	74.38	
363.323	83.38	
363.786	61.38	
364.25	60.38	
364.714	84.38	
365.177	94.38	
365.641	60.38	
366.105	69.38	
366.568	93.38	
367.032	72.38	
367.495	69.38	
367.959	72.38	
368.422	84.38	
368.886	69.38	
369.349	83.38	
369.813	79.38	
370.276	94.38	
370.74	77.38	
371.203	76.38	
371.666	71.38	
372.13	81.38	
372.593	92.38	
373.056	78.38	
373.52	86.38	
373.983	66.38	
374.446	71.38	
374.909	68.38	
375.372	63.38	
375.836	72.38	
376.299	81.38	
376.762	78.38	
377.225	75.38	
377.688	73.38	
378.151	87.38	
378.614	88.38	
379.077	74.38	
379.54	83.38	
380.003	70.38	
380.466	54.38	
380.929	74.38	
381.391	74.38	
381.854	78.38	
382.317	80.38	
382.78	62.38	
383.243	80.38	
383.705	85.38	
384.168	63.38	
384.631	72.38	
385.093	87.38	
385.556	66.38	
386.019	78.38	
386.481	78.38	
386.944	76.38	
387.406	79.38	
387.869	85.38	
388.331	59.38	
388.794	89.38	
389.256	75.38	
389.719	85.38	
390.181	87.38	
390.644	80.38	
391.106	83.38	
391.568	77.38	
392.031	61.38	
392.493	64.38	
392.955	73.38	
393.417	79.38	
393.88	64.38	
394.342	71.38	
394.804	83.38	
395.266	72.38	
395.728	63.38	
396.19	74.38	
396.652	69.38	
397.114	70.38	
397.576	67.38	
398.038	73.38	
398.5	68.38	
398.962	86.38	
399.424	86.38	
399.886	83.38	
400.348	69.38	
400.81	59.38	
401.272	77.38	
401.734	74.38	
402.195	77.38	
402.657	79.38	
403.119	85.38	
403.581	81.38	
404.042	80.38	
404.504	78.38	
404.966	65.38	
405.427	90.38	
405.889	69.38	
406.35	85.38	
406.812	86.38	
407.273	74.38	
407.735	65.38	
408.196	89.38	
408.658	106.38	
409.119	83.38	
409.581	83.38	
410.042	83.38	
410.503	79.38	
410.965	75.38	
411.426	93.38	
411.887	68.38	
412.349	77.38	
412.81	67.38	
413.271	66.38	
413.732	77.38	
414.193	71.38	
414.655	86.38	
415.116	79.38	
415.577	66.38	
416.038	73.38	
416.499	69.38	
416.96	75.38	
417.421	75.38	
417.882	53.38	
418.343	75.38	
418.804	85.38	
419.265	63.38	
419.726	83.38	
420.186	74.38	
420.647	74.38	
421.108	73.38	
421.569	71.38	
422.03	62.38	
422.49	93.38	
422.951	62.38	
423.412	53.38	
423.872	89.38	
424.333	64.38	
424.794	89.38	
425.254	61.38	
425.715	73.38	
426.175	88.38	
426.636	73.38	
427.096	71.38	
427.557	70.38	
428.017	81.38	
428.478	73.38	
428.938	71.38	
429.399	70.38	
429.859	87.38	
430.319	82.38	
430.78	74.38	
431.24	71.38	
431.7	80.38	
432.16	75.38	
432.62	71.38	
433.081	71.38	
433.541	74.38	
434.001	67.38	
434.461	78.38	
434.921	62.38	
435.381	60.38	
435.841	68.38	
436.301	70.38	
436.761	68.38	
437.221	65.38	
437.681	68.38	
438.141	70.38	
438.601	76.38	
439.061	64.38	
439.521	66.38	
439.981	83.38	
440.44	70.38	
440.9	70.38	
441.36	74.38	
441.82	79.38	
442.279	93.38	
442.739	69.38	
443.199	71.38	
443.658	82.38	
444.118	81.38	
444.577	72.38	
445.037	65.38	
445.496	71.38	
445.956	79.38	
446.415	77.38	
446.875	71.38	
447.334	63.38	
447.794	78.38	
448.253	60.38	
448.712	70.38	
449.172	73.38	
449.631	73.38	
450.09	65.38	
450.55	64.38	
451.009	84.38	
451.468	55.38	
451.927	74.38	
452.386	71.38	
452.846	86.38	
453.305	70.38	
453.764	68.38	
454.223	78.38	
454.682	72.38	
455.141	84.38	
455.6	70.38	
456.059	86.38	
456.518	87.38	
456.977	75.38	
457.436	73.38	
457.895	60.38	
458.353	69.38	
458.812	59.38	
459.271	63.38	
459.73	78.38	
460.189	63.38	
460.647	76.38	
461.106	73.38	
461.565	74.38	
462.023	72.38	
462.482	83.38	
462.941	78.38	
463.399	86.38	
463.858	66.38	
464.316	69.38	
464.775	70.38	
465.233	83.38	
465.692	65.38	
466.15	81.38	
466.609	81.38	
467.067	64.38	
467.525	87.38	
467.984	75.38	
468.442	69.38	
468.9	74.38	
469.358	75.38	
469.817	80.38	
470.275	75.38	
470.733	78.38	
471.191	63.38	
471.649	71.38	
472.108	76.38	
472.566	73.38	
473.024	71.38	
473.482	66.38	
473.94	71.38	
474.398	75.38	
474.856	75.38	
475.314	73.38	
475.772	74.38	
476.23	66.38	
476.687	74.38	
477.145	80.38	
477.603	67.38	
478.061	75.38	
478.519	68.38	
478.976	61.38	
479.434	52.38	
479.892	73.38	
480.349	73.38	
480.807	80.38	
481.265	84.38	
481.722	85.38	
482.18	67.38	
482.637	74.38	
483.095	85.38	
483.553	73.38	
484.01	82.38	
484.467	58.38	
484.925	73.38	
485.382	69.38	
485.84	57.38	
486.297	70.38	
486.754	72.38	
487.212	60.38	
487.669	70.38	
488.126	65.38	
488.583	86.38	
489.041	69.38	
489.498	70.38	
489.955	69.38	
490.412	64.38	
490.869	64.38	
491.326	84.38	
491.783	74.38	
492.24	67.38	
492.697	77.38	
493.154	56.38	
493.611	80.38	
494.068	81.38	
494.525	74.38	
494.982	69.38	
495.439	80.38	
495.896	76.38	
496.353	88.38	
496.809	84.38	
497.266	88.38	
497.723	86.38	
498.18	103.38	
498.636	92.38	
499.093	84.38	
499.55	104.38	
500.006	103.38	
500.463	98.38	
500.919	106.38	
501.376	99.38	
501.832	119.38	
502.289	85.38	
502.745	102.38	
503.202	85.38	
503.658	85.38	
504.115	91.38	
504.571	94.38	
505.027	87.38	
505.484	75.38	
505.94	90.38	
506.396	85.38	
506.853	87.38	
507.309	82.38	
507.765	76.38	
508.221	74.38	
508.677	78.38	
509.133	100.38	
509.59	85.38	
510.046	94.38	
510.502	91.38	
510.958	84.38	
511.414	80.38	
511.87	70.38	
512.326	79.38	
512.781	73.38	
513.237	82.38	
513.693	79.38	
514.149	73.38	
514.605	62.38	
515.061	63.38	
515.516	67.38	
515.972	78.38	
516.428	76.38	
516.884	75.38	
517.339	63.38	
517.795	76.38	
518.251	77.38	
518.706	68.38	
519.162	77.38	
519.617	61.38	
520.073	90.38	
520.528	66.38	
520.984	75.38	
521.439	66.38	
521.895	55.38	
522.35	67.38	
522.805	62.38	
523.261	76.38	
523.716	82.38	
524.171	73.38	
524.627	63.38	
525.082	54.38	
525.537	56.38	
525.992	58.38	
526.448	62.38	
526.903	68.38	
527.358	70.38	
527.813	57.38	
528.268	74.38	
528.723	81.38	
529.178	80.38	
529.633	75.38	
530.088	77.38	
530.543	69.38	
530.998	76.38	
531.453	81.38	
531.908	77.38	
532.363	72.38	
532.817	62.38	
533.272	69.38	
533.727	86.38	
534.182	69.38	
534.636	69.38	
535.091	68.38	
535.546	68.38	
536	78.38	
536.455	76.38	
536.91	60.38	
537.364	85.38	
537.819	62.38	
538.273	89.38	
538.728	81.38	
539.182	72.38	
539.637	63.38	
540.091	75.38	
540.546	66.38	
541	71.38	
541.454	74.38	
541.909	62.38	
542.363	81.38	
542.817	82.38	
543.271	104.38	
543.726	78.38	
544.18	56.38	
544.634	81.38	
545.088	73.38	
545.542	85.38	
545.996	89.38	
546.451	68.38	
546.905	69.38	
547.359	75.38	
547.813	74.38	
548.267	80.38	
548.721	77.38	
549.174	64.38	
549.628	77.38	
550.082	59.38	
550.536	62.38	
550.99	55.38	
551.444	73.38	
551.897	65.38	
552.351	63.38	
552.805	62.38	
553.259	61.38	
553.712	78.38	
554.166	73.38	
554.62	63.38	
555.073	77.38	
555.527	75.38	
555.98	75.38	
556.434	66.38	
556.887	64.38	
557.341	74.38	
557.794	73.38	
558.248	77.38	
558.701	75.38	
559.154	78.38	
559.608	75.38	
560.061	89.38	
560.514	69.38	
560.968	72.38	
561.421	78.38	
561.874	80.38	
562.327	69.38	
562.78	73.38	
563.233	66.38	
563.687	54.38	
564.14	57.38	
564.593	78.38	
565.046	76.38	
565.499	65.38	
565.952	79.38	
566.405	76.38	
566.858	66.38	
567.311	74.38	
567.763	59.38	
568.216	80.38	
568.669	73.38	
569.122	71.38	
569.575	78.38	
570.028	73.38	
570.48	61.38	
570.933	78.38	
571.386	68.38	
571.838	68.38	
572.291	83.38	
572.744	74.38	
573.196	84.38	
573.649	77.38	
574.101	77.38	
574.554	74.38	
575.006	79.38	
575.459	66.38	
575.911	58.38	
576.363	86.38	
576.816	63.38	
577.268	71.38	
577.721	46.38	
578.173	71.38	
578.625	69.38	
579.077	65.38	
579.53	70.38	
579.982	66.38	
580.434	55.38	
580.886	55.38	
581.338	74.38	
581.79	63.38	
582.242	65.38	
582.694	71.38	
583.146	71.38	
583.598	57.38	
584.05	56.38	
584.502	63.38	
584.954	59.38	
585.406	70.38	
585.858	70.38	
586.31	84.38	
586.762	64.38	
587.214	67.38	
587.665	86.38	
588.117	65.38	
588.569	69.38	
589.02	63.38	
589.472	71.38	
589.924	61.38	
590.375	88.38	
590.827	83.38	
591.279	81.38	
591.73	71.38	
592.182	72.38	
592.633	82.38	
593.084	61.38	
593.536	58.38	
593.987	64.38	
594.439	74.38	
594.89	64.38	
595.341	68.38	
595.793	74.38	
596.244	83.38	
596.695	71.38	
597.146	81.38	
597.598	83.38	
598.049	75.38	
598.5	92.38	
598.951	67.38	
599.402	83.38	
599.853	84.38	
600.304	75.38	
600.755	69.38	
601.206	72.38	
601.657	67.38	
602.108	73.38	
602.559	60.38	
603.01	68.38	
603.461	68.38	
603.912	88.38	
604.363	76.38	
604.813	53.38	
605.264	79.38	
605.715	62.38	
606.166	66.38	
606.616	90.38	
607.067	71.38	
607.518	77.38	
607.968	60.38	
608.419	67.38	
608.869	59.38	
609.32	54.38	
609.77	73.38	
610.221	54.38	
610.671	65.38	
611.122	57.38	
611.572	78.38	
612.023	64.38	
612.473	59.38	
612.923	86.38	
613.374	82.38	
613.824	66.38	
614.274	62.38	
614.724	69.38	
615.175	83.38	
615.625	73.38	
616.075	57.38	
616.525	87.38	
616.975	83.38	
617.425	86.38	
617.875	61.38	
618.325	71.38	
618.775	69.38	
619.225	67.38	
619.675	80.38	
620.125	71.38	
620.575	75.38	
621.025	54.38	
621.475	77.38	
621.924	83.38	
622.374	70.38	
622.824	63.38	
623.274	75.38	
623.723	89.38	
624.173	80.38	
624.623	93.38	
625.072	81.38	
625.522	63.38	
625.972	65.38	
626.421	88.38	
626.871	74.38	
627.32	84.38	
627.77	80.38	
628.219	81.38	
628.669	67.38	
629.118	87.38	
629.567	71.38	
630.017	64.38	
630.466	79.38	
630.915	69.38	
631.365	75.38	
631.814	70.38	
632.263	77.38	
632.712	57.38	
633.161	69.38	
633.611	88.38	
634.06	78.38	
634.509	68.38	
634.958	50.38	
635.407	60.38	
635.856	68.38	
636.305	65.38	
636.754	71.38	
637.203	72.38	
637.652	71.38	
638.101	59.38	
638.549	74.38	
638.998	72.38	
639.447	70.38	
639.896	69.38	
640.345	73.38	
640.793	60.38	
641.242	66.38	
641.691	61.38	
642.139	86.38	
642.588	68.38	
643.036	78.38	
643.485	76.38	
643.934	75.38	
644.382	60.38	
644.831	62.38	
645.279	77.38	
645.727	69.38	
646.176	75.38	
646.624	64.38	
647.073	73.38	
647.521	82.38	
647.969	71.38	
648.418	67.38	
648.866	80.38	
649.314	74.38	
649.762	75.38	
650.21	79.38	
650.659	75.38	
651.107	66.38	
651.555	61.38	
652.003	73.38	
652.451	74.38	
652.899	69.38	
653.347	59.38	
653.795	78.38	
654.243	81.38	
654.691	61.38	
655.139	72.38	
655.586	61.38	
656.034	61.38	
656.482	80.38	
656.93	69.38	
657.378	69.38	
657.825	80.38	
658.273	61.38	
658.721	85.38	
659.168	71.38	
659.616	53.38	
660.064	90.38	
660.511	82.38	
660.959	55.38	
661.406	79.38	
661.854	61.38	
662.301	71.38	
662.749	73.38	
663.196	63.38	
663.644	60.38	
664.091	58.38	
664.538	72.38	
664.986	76.38	
665.433	70.38	
665.88	89.38	
666.327	76.38	
666.775	71.38	
667.222	78.38	
667.669	74.38	
668.116	66.38	
668.563	69.38	
669.01	82.38	
669.457	69.38	
669.904	73.38	
670.351	72.38	
670.798	77.38	
671.245	81.38	
671.692	61.38	
672.139	72.38	
672.586	80.38	
673.033	74.38	
673.479	72.38	
673.926	77.38	
674.373	83.38	
674.82	63.38	
675.266	69.38	
675.713	63.38	
676.16	64.38	
676.606	45.38	
677.053	56.38	
677.5	76.38	
677.946	69.38	
678.393	61.38	
678.839	73.38	
679.286	75.38	
679.732	71.38	
680.178	74.38	
680.625	59.38	
681.071	77.38	
681.518	79.38	
681.964	68.38	
682.41	62.38	
682.856	84.38	
683.303	85.38	
683.749	44.38	
684.195	71.38	
684.641	81.38	
685.087	86.38	
685.533	60.38	
685.979	69.38	
686.426	76.38	
686.872	82.38	
687.318	78.38	
687.763	85.38	
688.209	74.38	
688.655	62.38	
689.101	61.38	
689.547	65.38	
689.993	62.38	
690.439	68.38	
690.885	77.38	
691.33	77.38	
691.776	71.38	
692.222	65.38	
692.667	69.38	
693.113	91.38	
693.559	75.38	
694.004	74.38	
694.45	77.38	
694.895	85.38	
695.341	73.38	
695.786	80.38	
696.232	61.38	
696.677	84.38	
697.123	83.38	
697.568	86.38	
698.013	78.38	
698.459	64.38	
698.904	69.38	
699.349	75.38	
699.795	75.38	
700.24	79.38	
700.685	89.38	
701.13	63.38	
701.575	68.38	
702.02	70.38	
702.466	72.38	
702.911	55.38	
703.356	63.38	
703.801	57.38	
704.246	71.38	
704.691	74.38	
705.136	88.38	
705.58	75.38	
706.025	79.38	
706.47	71.38	
706.915	67.38	
707.36	67.38	
707.805	67.38	
708.249	79.38	
708.694	71.38	
709.139	64.38	
709.583	77.38	
710.028	66.38	
710.473	70.38	
710.917	66.38	
711.362	75.38	
711.806	77.38	
712.251	76.38	
712.695	79.38	
713.14	77.38	
713.584	57.38	
714.029	74.38	
714.473	85.38	
714.917	69.38	
715.362	71.38	
715.806	78.38	
716.25	73.38	
716.694	79.38	
717.139	68.38	
717.583	63.38	
718.027	73.38	
718.471	77.38	
718.915	80.38	
719.359	74.38	
719.803	70.38	
720.247	73.38	
720.691	61.38	
721.135	65.38	
721.579	71.38	
722.023	77.38	
722.467	76.38	
722.911	73.38	
723.355	52.38	
723.799	77.38	
724.242	77.38	
724.686	76.38	
725.13	75.38	
725.573	83.38	
726.017	77.38	
726.461	87.38	
726.904	70.38	
727.348	63.38	
727.792	79.38	
728.235	86.38	
728.679	66.38	
729.122	65.38	
729.566	73.38	
730.009	72.38	
730.452	84.38	
730.896	67.38	
731.339	67.38	
731.782	76.38	
732.226	75.38	
732.669	71.38	
733.112	74.38	
733.555	81.38	
733.999	82.38	
734.442	85.38	
734.885	78.38	
735.328	70.38	
735.771	71.38	
736.214	83.38	
736.657	95.38	
737.1	85.38	
737.543	77.38	
737.986	103.38	
738.429	102.38	
738.872	93.38	
739.315	113.38	
739.758	122.38	
740.201	119.38	
740.643	126.38	
741.086	132.38	
741.529	147.38	
741.972	157.38	
742.414	166.38	
742.857	183.38	
743.299	206.38	
743.742	223.38	
744.185	230.38	
744.627	217.38	
745.07	235.38	
745.512	257.38	
745.955	251.38	
746.397	288.38	
746.839	278.38	
747.282	281.38	
747.724	276.38	
748.167	274.38	
748.609	286.38	
749.051	298.38	
749.493	281.38	
749.936	275.38	
750.378	276.38	
750.82	274.38	
751.262	269.38	
751.704	253.38	
752.146	278.38	
752.588	265.38	
753.03	261.38	
753.472	244.38	
753.914	245.38	
754.356	232.38	
754.798	289.38	
755.24	251.38	
755.682	262.38	
756.124	255.38	
756.566	222.38	
757.007	241.38	
757.449	230.38	
757.891	217.38	
758.333	223.38	
758.774	207.38	
759.216	198.38	
759.658	184.38	
760.099	179.38	
760.541	171.38	
760.982	147.38	
761.424	159.38	
761.865	152.38	
762.307	172.38	
762.748	149.38	
763.19	158.38	
763.631	161.38	
764.072	149.38	
764.514	154.38	
764.955	133.38	
765.396	130.38	
765.837	149.38	
766.279	136.38	
766.72	122.38	
767.161	110.38	
767.602	132.38	
768.043	125.38	
768.484	120.38	
768.925	117.38	
769.366	123.38	
769.807	111.38	
770.248	101.38	
770.689	103.38	
771.13	100.38	
771.571	103.38	
772.012	95.38	
772.453	102.38	
772.894	88.38	
773.334	98.38	
773.775	77.38	
774.216	103.38	
774.657	80.38	
775.097	86.38	
775.538	115.38	
775.978	91.38	
776.419	79.38	
776.86	88.38	
777.3	79.38	
777.741	80.38	
778.181	76.38	
778.622	88.38	
779.062	63.38	
779.502	72.38	
779.943	75.38	
780.383	88.38	
780.823	77.38	
781.264	81.38	
781.704	73.38	
782.144	84.38	
782.584	74.38	
783.025	79.38	
783.465	75.38	
783.905	75.38	
784.345	81.38	
784.785	89.38	
785.225	83.38	
785.665	68.38	
786.105	75.38	
786.545	78.38	
786.985	84.38	
787.425	70.38	
787.865	78.38	
788.305	79.38	
788.744	66.38	
789.184	83.38	
789.624	62.38	
790.064	68.38	
790.503	80.38	
790.943	71.38	
791.383	67.38	
791.822	69.38	
792.262	64.38	
792.702	87.38	
793.141	70.38	
793.581	86.38	
794.02	61.38	
794.46	71.38	
794.899	79.38	
795.338	77.38	
795.778	79.38	
796.217	73.38	
796.657	78.38	
797.096	82.38	
797.535	84.38	
797.974	88.38	
798.414	84.38	
798.853	69.38	
799.292	101.38	
799.731	74.38	
800.17	59.38	
800.609	65.38	
801.048	70.38	
801.487	61.38	
801.926	72.38	
802.365	79.38	
802.804	86.38	
803.243	69.38	
803.682	73.38	
804.121	71.38	
804.56	58.38	
804.998	78.38	
805.437	70.38	
805.876	79.38	
806.315	59.38	
806.753	77.38	
807.192	78.38	
807.631	75.38	
808.069	76.38	
808.508	73.38	
808.946	63.38	
809.385	77.38	
809.824	79.38	
810.262	86.38	
810.7	62.38	
811.139	71.38	
811.577	82.38	
812.016	67.38	
812.454	71.38	
812.892	53.38	
813.331	80.38	
813.769	77.38	
814.207	73.38	
814.645	59.38	
815.083	68.38	
815.521	78.38	
815.96	71.38	
816.398	63.38	
816.836	66.38	
817.274	86.38	
817.712	64.38	
818.15	81.38	
818.588	82.38	
819.026	60.38	
819.464	80.38	
819.901	80.38	
820.339	86.38	
820.777	80.38	
821.215	82.38	
821.653	65.38	
822.09	83.38	
822.528	72.38	
822.966	68.38	
823.403	70.38	
823.841	76.38	
824.278	74.38	
824.716	73.38	
825.154	74.38	
825.591	75.38	
826.029	75.38	
826.466	86.38	
826.903	75.38	
827.341	59.38	
827.778	92.38	
828.215	66.38	
828.653	77.38	
829.09	72.38	
829.527	69.38	
829.965	54.38	
830.402	75.38	
830.839	81.38	
831.276	67.38	
831.713	67.38	
832.15	80.38	
832.587	65.38	
833.024	64.38	
833.461	68.38	
833.898	89.38	
834.335	73.38	
834.772	78.38	
835.209	66.38	
835.646	76.38	
836.083	77.38	
836.52	79.38	
836.956	91.38	
837.393	69.38	
837.83	71.38	
838.267	78.38	
838.703	75.38	
839.14	77.38	
839.576	58.38	
840.013	78.38	
840.45	66.38	
840.886	81.38	
841.323	69.38	
841.759	74.38	
842.196	80.38	
842.632	53.38	
843.068	78.38	
843.505	75.38	
843.941	59.38	
844.377	65.38	
844.814	91.38	
845.25	69.38	
845.686	77.38	
846.122	70.38	
846.558	65.38	
846.995	75.38	
847.431	79.38	
847.867	71.38	
848.303	73.38	
848.739	61.38	
849.175	78.38	
849.611	77.38	
850.047	69.38	
850.483	86.38	
850.919	79.38	
851.354	69.38	
851.79	65.38	
852.226	71.38	
852.662	58.38	
853.098	61.38	
853.533	61.38	
853.969	77.38	
854.405	77.38	
854.84	67.38	
855.276	66.38	
855.711	68.38	
856.147	85.38	
856.582	72.38	
857.018	69.38	
857.453	86.38	
857.889	67.38	
858.324	71.38	
858.76	75.38	
859.195	83.38	
859.63	74.38	
860.066	77.38	
860.501	67.38	
860.936	77.38	
861.371	76.38	
861.806	83.38	
862.242	68.38	
862.677	75.38	
863.112	71.38	
863.547	67.38	
863.982	80.38	
864.417	73.38	
864.852	85.38	
865.287	72.38	
865.722	80.38	
866.157	75.38	
866.592	78.38	
867.026	80.38	
867.461	72.38	
867.896	71.38	
868.331	77.38	
868.766	74.38	
869.2	66.38	
869.635	82.38	
870.07	80.38	
870.504	63.38	
870.939	76.38	
871.373	80.38	
871.808	86.38	
872.242	82.38	
872.677	93.38	
873.111	77.38	
873.546	76.38	
873.98	66.38	
874.414	75.38	
874.849	79.38	
875.283	76.38	
875.717	81.38	
876.152	81.38	
876.586	84.38	
877.02	79.38	
877.454	65.38	
877.888	73.38	
878.322	76.38	
878.757	74.38	
879.191	85.38	
879.625	63.38	
880.059	73.38	
880.493	74.38	
880.927	78.38	
881.36	72.38	
881.794	77.38	
882.228	76.38	
882.662	73.38	
883.096	65.38	
883.53	78.38	
883.963	77.38	
884.397	55.38	
884.831	64.38	
885.264	69.38	
885.698	67.38	
886.132	89.38	
886.565	79.38	
886.999	67.38	
887.432	73.38	
887.866	71.38	
888.299	72.38	
888.733	71.38	
889.166	80.38	
889.599	82.38	
890.033	83.38	
890.466	68.38	
890.899	69.38	
891.333	69.38	
891.766	84.38	
892.199	70.38	
892.632	83.38	
893.065	64.38	
893.498	82.38	
893.932	74.38	
894.365	59.38	
894.798	83.38	
895.231	73.38	
895.664	71.38	
896.097	67.38	
896.529	58.38	
896.962	79.38	
897.395	70.38	
897.828	87.38	
898.261	85.38	
898.694	81.38	
899.126	76.38	
899.559	66.38	
899.992	68.38	
900.424	81.38	
900.857	74.38	
901.29	80.38	
901.722	70.38	
902.155	70.38	
902.587	73.38	
903.02	64.38	
903.452	69.38	
903.885	75.38	
904.317	63.38	
904.75	63.38	
905.182	64.38	
905.614	69.38	
906.046	70.38	
906.479	70.38	
906.911	69.38	
907.343	78.38	
907.775	66.38	
908.207	65.38	
908.64	80.38	
909.072	65.38	
909.504	78.38	
909.936	74.38	
910.368	71.38	
910.8	65.38	
911.232	78.38	
911.664	71.38	
912.096	72.38	
912.527	78.38	
912.959	65.38	
913.391	65.38	
913.823	82.38	
914.255	75.38	
914.686	85.38	
915.118	76.38	
915.55	77.38	
915.981	72.38	
916.413	74.38	
916.844	74.38	
917.276	70.38	
917.707	82.38	
918.139	72.38	
918.57	72.38	
919.002	66.38	
919.433	71.38	
919.865	79.38	
920.296	81.38	
920.727	77.38	
921.159	60.38	
921.59	69.38	
922.021	64.38	
922.452	65.38	
922.883	57.38	
923.315	79.38	
923.746	73.38	
924.177	57.38	
924.608	80.38	
925.039	61.38	
925.47	82.38	
925.901	60.38	
926.332	84.38	
926.763	96.38	
927.194	68.38	
927.624	68.38	
928.055	67.38	
928.486	61.38	
928.917	72.38	
929.348	80.38	
929.778	77.38	
930.209	87.38	
930.64	70.38	
931.07	64.38	
931.501	77.38	
931.931	66.38	
932.362	65.38	
932.792	75.38	
933.223	77.38	
933.653	75.38	
934.084	72.38	
934.514	71.38	
934.945	73.38	
935.375	67.38	
935.805	69.38	
936.236	73.38	
936.666	68.38	
937.096	66.38	
937.526	76.38	
937.956	78.38	
938.387	70.38	
938.817	74.38	
939.247	73.38	
939.677	71.38	
940.107	83.38	
940.537	75.38	
940.967	69.38	
941.397	68.38	
941.827	70.38	
942.256	68.38	
942.686	79.38	
943.116	62.38	
943.546	64.38	
943.976	73.38	
944.405	75.38	
944.835	78.38	
945.265	70.38	
945.694	60.38	
946.124	68.38	
946.554	67.38	
946.983	74.38	
947.413	80.38	
947.842	72.38	
948.272	78.38	
948.701	68.38	
949.131	75.38	
949.56	68.38	
949.989	74.38	
950.419	77.38	
950.848	77.38	
951.277	82.38	
951.706	77.38	
952.136	65.38	
952.565	76.38	
952.994	84.38	
953.423	67.38	
953.852	79.38	
954.281	59.38	
954.71	65.38	
955.139	65.38	
955.568	84.38	
955.997	73.38	
956.426	67.38	
956.855	93.38	
957.284	80.38	
957.713	75.38	
958.141	79.38	
958.57	74.38	
958.999	79.38	
959.428	81.38	
959.856	77.38	
960.285	70.38	
960.714	71.38	
961.142	75.38	
961.571	81.38	
961.999	84.38	
962.428	69.38	
962.856	67.38	
963.285	75.38	
963.713	66.38	
964.142	77.38	
964.57	77.38	
964.998	81.38	
965.427	75.38	
965.855	75.38	
966.283	72.38	
966.711	63.38	
967.14	71.38	
967.568	76.38	
967.996	88.38	
968.424	90.38	
968.852	62.38	
969.28	64.38	
969.708	68.38	
970.136	83.38	
970.564	75.38	
970.992	67.38	
971.42	78.38	
971.848	91.38	
972.276	87.38	
972.703	67.38	
973.131	75.38	
973.559	75.38	
973.987	81.38	
974.414	69.38	
974.842	69.38	
975.27	65.38	
975.697	65.38	
976.125	58.38	
976.552	76.38	
976.98	56.38	
977.407	73.38	
977.835	64.38	
978.262	79.38	
978.69	73.38	
979.117	81.38	
979.544	75.38	
979.972	80.38	
980.399	76.38	
980.826	68.38	
981.254	76.38	
981.681	58.38	
982.108	65.38	
982.535	75.38	
982.962	72.38	
983.389	72.38	
983.816	63.38	
984.243	81.38	
984.67	81.38	
985.097	75.38	
985.524	68.38	
985.951	66.38	
986.378	69.38	
986.805	73.38	
987.232	65.38	
987.658	81.38	
988.085	85.38	
988.512	78.38	
988.939	88.38	
989.365	69.38	
989.792	76.38	
990.219	84.38	
990.645	61.38	
991.072	79.38	
991.498	73.38	
991.925	78.38	
992.351	75.38	
992.778	68.38	
993.204	72.38	
993.63	65.38	
994.057	77.38	
994.483	76.38	
994.909	68.38	
995.336	79.38	
995.762	75.38	
996.188	80.38	
996.614	79.38	
997.04	68.38	
997.466	64.38	
997.893	79.38	
998.319	63.38	
998.745	75.38	
999.171	68.38	
999.597	76.38	
1000.023	68.38	
1000.448	81.38	
1000.874	75.38	
1001.3	82.38	
1001.726	62.38	
1002.152	81.38	
1002.577	77.38	
1003.003	53.38	
1003.429	76.38	
1003.855	79.38	
1004.28	72.38	
1004.706	70.38	
1005.131	78.38	
1005.557	68.38	
1005.982	64.38	
1006.408	70.38	
1006.833	70.38	
1007.259	74.38	
1007.684	82.38	
1008.11	65.38	
1008.535	75.38	
1008.96	78.38	
1009.386	69.38	
1009.811	70.38	
1010.236	61.38	
1010.661	70.38	
1011.086	70.38	
1011.512	87.38	
1011.937	88.38	
1012.362	77.38	
1012.787	67.38	
1013.212	62.38	
1013.637	90.38	
1014.062	83.38	
1014.487	72.38	
1014.912	67.38	
1015.336	71.38	
1015.761	65.38	
1016.186	70.38	
1016.611	76.38	
1017.036	62.38	
1017.46	85.38	
1017.885	66.38	
1018.31	70.38	
1018.734	61.38	
1019.159	65.38	
1019.584	72.38	
1020.008	62.38	
1020.433	69.38	
1020.857	75.38	
1021.282	83.38	
1021.706	55.38	
1022.13	85.38	
1022.555	71.38	
1022.979	66.38	
1023.403	65.38	
1023.828	60.38	
1024.252	64.38	
1024.676	60.38	
1025.1	82.38	
1025.524	71.38	
1025.949	62.38	
1026.373	56.38	
1026.797	78.38	
1027.221	64.38	
1027.645	73.38	
1028.069	72.38	
1028.493	65.38	
1028.917	70.38	
1029.341	60.38	
1029.764	51.38	
1030.188	60.38	
1030.612	70.38	
1031.036	68.38	
1031.46	69.38	
1031.883	66.38	
1032.307	75.38	
1032.731	64.38	
1033.154	79.38	
1033.578	88.38	
1034.001	61.38	
1034.425	84.38	
1034.848	65.38	
1035.272	71.38	
1035.695	76.38	
1036.119	72.38	
1036.542	88.38	
1036.965	62.38	
1037.389	58.38	
1037.812	74.38	
1038.235	79.38	
1038.659	70.38	
1039.082	82.38	
1039.505	89.38	
1039.928	99.38	
1040.351	84.38	
1040.774	79.38	
1041.197	77.38	
1041.62	82.38	
1042.043	69.38	
1042.466	56.38	
1042.889	67.38	
1043.312	74.38	
1043.735	73.38	
1044.158	74.38	
1044.581	63.38	
1045.003	71.38	
1045.426	84.38	
1045.849	82.38	
1046.272	74.38	
1046.694	71.38	
1047.117	67.38	
1047.54	78.38	
1047.962	73.38	
1048.385	88.38	
1048.807	76.38	
1049.23	77.38	
1049.652	79.38	
1050.075	72.38	
1050.497	74.38	
1050.919	71.38	
1051.342	72.38	
1051.764	61.38	
1052.186	64.38	
1052.608	67.38	
1053.031	70.38	
1053.453	81.38	
1053.875	87.38	
1054.297	70.38	
1054.719	70.38	
1055.141	64.38	
1055.563	61.38	
1055.985	69.38	
1056.407	70.38	
1056.829	70.38	
1057.251	70.38	
1057.673	81.38	
1058.095	86.38	
1058.517	68.38	
1058.939	51.38	
1059.36	63.38	
1059.782	68.38	
1060.204	75.38	
1060.625	85.38	
1061.047	71.38	
1061.469	70.38	
1061.89	65.38	
1062.312	63.38	
1062.733	68.38	
1063.155	80.38	
1063.576	69.38	
1063.998	76.38	
1064.419	66.38	
1064.841	60.38	
1065.262	71.38	
1065.683	69.38	
1066.104	72.38	
1066.526	72.38	
1066.947	69.38	
1067.368	79.38	
1067.789	73.38	
1068.21	78.38	
1068.632	71.38	
1069.053	77.38	
1069.474	55.38	
1069.895	75.38	
1070.316	82.38	
1070.737	83.38	
1071.158	67.38	
1071.578	85.38	
1071.999	84.38	
1072.42	66.38	
1072.841	80.38	
1073.262	59.38	
1073.682	66.38	
1074.103	70.38	
1074.524	73.38	
1074.944	71.38	
1075.365	63.38	
1075.786	72.38	
1076.206	77.38	
1076.627	57.38	
1077.047	61.38	
1077.468	59.38	
1077.888	67.38	
1078.309	76.38	
1078.729	62.38	
1079.149	73.38	
1079.57	68.38	
1079.99	61.38	
1080.41	66.38	
1080.83	64.38	
1081.251	77.38	
1081.671	70.38	
1082.091	71.38	
1082.511	65.38	
1082.931	68.38	
1083.351	63.38	
1083.771	71.38	
1084.191	68.38	
1084.611	73.38	
1085.031	76.38	
1085.451	60.38	
1085.871	61.38	
1086.291	79.38	
1086.71	65.38	
1087.13	79.38	
1087.55	69.38	
1087.97	78.38	
1088.389	85.38	
1088.809	75.38	
1089.229	74.38	
1089.648	71.38	
1090.068	73.38	
1090.487	75.38	
1090.907	79.38	
1091.326	77.38	
1091.746	59.38	
1092.165	81.38	
1092.584	72.38	
1093.004	61.38	
1093.423	65.38	
1093.842	61.38	
1094.262	75.38	
1094.681	69.38	
1095.1	58.38	
1095.519	69.38	
1095.938	79.38	
1096.357	81.38	
1096.777	68.38	
1097.196	67.38	
1097.615	84.38	
1098.034	71.38	
1098.453	85.38	
1098.871	73.38	
1099.29	78.38	
1099.709	66.38	
1100.128	69.38	
1100.547	52.38	
1100.966	74.38	
1101.384	72.38	
1101.803	74.38	
1102.222	63.38	
